fps 25.0 frames 1500
candidate cuts (frame,t,hist,diff):
203 8.12 0.97 37.3
206 8.24 0.94 20.6
207 8.28 0.94 22.4
208 8.32 0.96 23.3
209 8.36 0.98 21.8
210 8.4 0.99 18.9
211 8.44 0.99 15.8
212 8.48 0.99 13.0
213 8.52 0.98 9.2
282 11.28 0.96 50.1
333 13.32 0.94 14.3
334 13.36 0.94 13.9
335 13.4 0.39 7.1
337 13.48 0.92 12.9
348 13.92 0.94 13.8
349 13.96 0.94 14.2
350 14.0 0.58 7.4
352 14.08 0.96 14.9
355 14.2 0.97 15.6
356 14.24 0.97 16.1
357 14.28 0.74 9.1
359 14.36 0.97 17.3
361 14.44 0.3 8.3
365 14.6 0.63 10.1
368 14.72 0.37 20.0
369 14.76 0.79 17.4
372 14.88 0.71 14.3
374 14.96 0.85 5.1
391 15.64 0.92 11.5
392 15.68 0.91 12.5
411 16.44 0.9 40.6
412 16.48 0.95 46.8
431 17.24 0.49 40.5
432 17.28 0.48 51.5
433 17.32 0.92 36.7
434 17.36 0.31 79.9
448 17.92 0.8 6.2
449 17.96 0.73 7.9
450 18.0 0.49 8.3
453 18.12 0.98 25.1
454 18.16 1.0 23.9
455 18.2 0.99 25.1
456 18.24 0.59 9.7
457 18.28 0.67 16.9
458 18.32 0.41 18.4
459 18.36 0.32 21.4
460 18.4 0.41 25.1
1281 51.24 0.99 25.6
1282 51.28 0.99 23.8
1283 51.32 0.99 23.0
