fps 25.0 frames 4050
candidate cuts (frame,t,hist,diff):
466 18.64 0.37 91.7
583 23.32 0.7 82.9
623 24.92 0.33 76.9
676 27.04 0.43 82.2
1218 48.72 0.32 86.5
1289 51.56 0.38 61.2
1440 57.6 0.38 7.1
1518 60.72 0.33 60.1
1589 63.56 0.36 77.4
1753 70.12 0.51 96.1
1876 75.04 0.58 97.8
2096 83.84 0.4 85.5
2132 85.28 0.49 70.7
2417 96.68 0.53 73.7
2617 104.68 0.39 115.2
2639 105.56 0.42 92.9
3398 135.92 0.77 83.8
3439 137.56 0.62 69.7
3894 155.76 0.3 3.4
3896 155.84 0.32 2.8
3898 155.92 0.42 3.5
3901 156.04 0.31 2.7
3903 156.12 0.45 3.1
3908 156.32 0.32 2.3
3909 156.36 0.49 2.3
3910 156.4 0.5 2.3
3915 156.6 0.37 1.1
