fps 30.0 frames 851
candidate cuts (frame,t,hist,diff):
9 0.3 0.57 9.8
372 12.4 0.99 167.4
373 12.43 0.98 66.1
374 12.47 0.99 45.6
375 12.5 0.88 31.6
376 12.53 0.61 19.4
382 12.73 1.0 133.7
383 12.77 0.66 35.9
384 12.8 0.35 34.5
392 13.07 1.0 83.2
393 13.1 0.98 86.0
394 13.13 0.99 56.1
402 13.4 1.0 169.6
403 13.43 1.0 55.2
404 13.47 1.0 34.8
405 13.5 0.98 27.7
409 13.63 0.83 86.6
423 14.1 1.0 251.3
424 14.13 1.01 128.2
425 14.17 0.8 41.0
426 14.2 0.35 28.0
458 15.27 0.76 112.3
474 15.8 0.46 113.0
477 15.9 0.83 101.8
479 15.97 0.3 54.5
501 16.7 0.61 95.4
503 16.77 0.41 74.4
504 16.8 0.69 37.2
508 16.93 0.32 148.9
510 17.0 0.71 96.7
526 17.53 0.44 121.8
530 17.67 0.97 110.8
531 17.7 0.39 49.6
532 17.73 0.77 44.0
533 17.77 0.9 53.0
534 17.8 0.9 34.8
563 18.77 0.9 93.1
565 18.83 0.59 37.7
568 18.93 0.34 70.7
583 19.43 0.61 117.2
587 19.57 0.44 55.3
606 20.2 0.93 59.7
610 20.33 0.42 59.3
616 20.53 0.71 117.5
631 21.03 1.0 167.7
636 21.2 1.0 142.9
637 21.23 0.95 35.4
640 21.33 0.96 13.7
643 21.43 1.0 199.9
669 22.3 1.0 71.9
670 22.33 0.82 63.7
671 22.37 0.99 44.1
672 22.4 0.99 38.0
676 22.53 1.0 200.5
684 22.8 1.02 129.4
689 22.97 0.62 51.7
690 23.0 0.73 51.0
700 23.33 0.33 137.5
712 23.73 0.99 139.4
713 23.77 0.81 75.4
714 23.8 0.94 45.1
715 23.83 0.97 36.1
722 24.07 0.94 89.1
723 24.1 0.71 49.2
726 24.2 0.89 90.7
733 24.43 0.96 103.7
739 24.63 0.4 22.4
740 24.67 0.66 17.5
741 24.7 0.98 127.7
742 24.73 0.78 64.1
743 24.77 0.72 44.1
744 24.8 0.62 28.0
745 24.83 0.52 19.2
746 24.87 0.4 13.9
819 27.3 0.58 15.9
842 28.07 1.0 75.5
843 28.1 0.85 34.1
846 28.2 0.96 8.3
