fps 29.97 frames 5598
candidate cuts (frame,t,hist,diff):
437 14.58 0.87 25.9
493 16.45 1.0 70.8
495 16.52 1.0 70.7
516 17.22 0.64 11.6
517 17.25 0.34 8.0
518 17.28 0.75 9.6
520 17.35 0.77 13.4
521 17.38 0.96 14.4
522 17.42 1.0 24.0
523 17.45 1.0 22.8
525 17.52 0.86 16.7
527 17.58 0.65 14.1
530 17.68 0.42 10.2
670 22.36 0.59 11.1
672 22.42 0.35 7.4
740 24.69 0.47 11.3
741 24.72 0.53 11.2
745 24.86 0.37 10.1
746 24.89 0.45 9.7
747 24.92 0.42 9.2
748 24.96 0.52 10.8
751 25.06 0.56 18.6
757 25.26 0.37 51.2
1165 38.87 0.58 26.6
1363 45.48 0.37 20.7
1365 45.55 0.8 31.7
1366 45.58 1.0 24.2
1367 45.61 0.56 15.6
1368 45.65 0.44 8.6
1391 46.41 0.87 10.3
1392 46.45 1.0 18.8
1393 46.48 1.0 21.8
1395 46.55 1.0 10.6
1396 46.58 0.83 27.0
1433 47.81 0.35 25.1
1676 55.92 0.36 31.1
1677 55.96 0.33 44.4
1948 65.0 0.37 48.3
1950 65.07 0.34 53.8
1960 65.4 0.39 26.7
2241 74.77 0.35 23.5
2438 81.35 0.41 14.6
2440 81.41 0.31 14.9
2441 81.45 0.42 17.0
2443 81.51 0.89 12.7
2445 81.58 0.59 10.6
2446 81.61 0.71 9.2
2447 81.65 0.63 10.1
2448 81.68 0.76 10.8
2450 81.75 0.67 9.6
2451 81.78 0.58 10.5
2452 81.82 0.67 10.9
2453 81.85 0.61 11.4
2455 81.92 0.69 10.1
2456 81.95 0.62 10.4
4961 165.53 0.59 4.9
4962 165.57 0.33 4.3
4963 165.6 0.37 5.4
4971 165.87 0.43 28.8
